,run_num,eb_throughput,eb_miles,eb_num_agents,van_throughput,van_miles,van_num_agents,car_throughput,car_miles,car_num_agents
template,0,4837,223.1200000000059,20,270,25.93999999999995,2,1187,334.1200000000001,10
template,1,4875,207.26000000000488,20,291,26.819999999999936,2,1145,343.32000000000005,10
template,2,4990,206.4200000000054,20,276,26.059999999999945,2,1140,335.46000000000055,10
template,3,4881,204.78000000000566,20,299,26.39999999999994,2,1168,316.7200000000007,10
template,4,4809,213.48000000000533,20,245,25.799999999999947,2,1147,326.6000000000002,10
template,5,4866,204.90000000000498,20,295,27.179999999999943,2,1166,350.74,10
template,6,4843,210.6600000000051,20,265,27.85999999999995,2,1140,355.0799999999997,10
template,7,4902,209.98000000000593,20,242,26.07999999999995,2,1147,345.64000000000004,10
template,8,4885,205.72000000000511,20,253,25.73999999999995,2,1109,334.22000000000065,10
template,9,4848,215.14000000000595,20,326,26.579999999999938,2,1133,333.12000000000006,10
template,10,4916,207.76000000000468,20,274,27.339999999999954,2,1160,346.1799999999997,10
template,11,4874,212.38000000000542,20,314,28.95999999999994,2,1129,310.72000000000037,10
template,12,4849,221.36000000000712,20,275,25.23999999999995,2,1149,359.6800000000004,10
template,13,4820,211.60000000000562,20,262,27.37999999999995,2,1121,367.26000000000033,10
template,14,4782,217.58000000000575,20,279,26.299999999999947,2,1131,346.70000000000044,10
template,15,4912,215.9200000000061,20,276,27.21999999999995,2,1158,322.5799999999998,10
template,16,4856,214.6600000000055,20,301,27.939999999999944,2,1121,357.6800000000003,10
template,17,4829,223.16000000000582,20,267,26.019999999999946,2,1175,346.30000000000024,10
template,18,4873,215.3400000000059,20,247,24.059999999999956,2,1090,336.0600000000002,10
template,19,4870,216.90000000000603,20,263,26.67999999999995,2,1133,337.26000000000033,10
